
1111111000000000000011111111100000000000001100001100100110100000000000000110000110010011001000000000000011 Mooglebot: 106
1111111000000000000011111111100000000000001100001100110000100000000000000110000110011000000000000000000011 Mooglebot: 106
1111111000000000000011111111100000000000001100001100010100100000000000000110000110001010011000000000000011 Conair Mor: 106
1111111000000000000011111111100000000000001100001100010100100000000000000110000110001010011000000000000011 Conair Mor: 106
1111111000000000000011111111100000000000001100001100101111110000000000000110000110010111100000000000000011 dud88_dud: 106
1111111000000000000011111111100000000000001100001100101111110000000000000110000110010111100000000000000011 dud88_dud: 106
1111111000000000000011111111100000000000001100001100111000010000000000000110000110011010100000000000000011 dud88_dud: 106
1111111000000000000011111111100000000000001100001100010111010000000000000110000110001011010000000000000011 Biggels: 106
1111111000000000000011111111100000000000001100001100010111010000000000000110000110001011010000000000000011 Biggels: 106

22 22 11* 8 23 (5 23+)? (5 23+)? 8 23

Read 23, 4, 4. 
If last 4 != 0000
  Loop
    Read 23.
    If last 9 == ID Break
    Otherwise, loop on some condition to read 23
    Read 5
Else
  Read 23.
Read 8.
If last 4 != 0000
  Loop
    Read 11.
    If last 11 == 11111110000 Break
Else
  Read 44
  

Me (Replay_2014_07_05_19_33_21\Replay_30.0044_40.0086.blockData)

11100001
11010100

1111111000000000000011
1111111000000000000011
00001100
11100001000000000000011
00001100
11010100000000000000011

1111111000000000000011
1101110111100110000000
00101010101
11111101010
10011111111
00111001110
10111000000
00000101100
00011011111
00110010111
11010101010
00000000010
10100100000
00000111001
10001111000
00000000010
11001100
11100001000000000000011
00011001101110010011010
00011001101111001110001
00011001101110100000000
00001
11001100
11010100000000000000011

1111111000000000000011
1010111111100111000000
00111011011
11111101110
10111111111
00000000000
10010000111
10111100111
01011111011
10110100000
00001110101
10000000000
00000000010
01001100
11100001000000000000011
00011001101110110011010
00011001101110000000000
00001
01001100
11010100000000000000011

1111111000000000000011
1111111000110001110111
00000000000
00101000000
00000011000
10000110100
00000000001
01001100
11100001000000000000011
00011001101110000000000
00000
11001100
11010100000000000000011

1111111000000000000011
0100011111100111000000
01100000101
11111111000
00011111111
00000000000
10010010001
01111100111
01100000110
00001000000
00011000000
10000000000
00000000010
01001100
11100001000000000000011
00011001101110110101011
00011001101110001111010
10011001101110100000000
00001
11001100
11010100000000000000011

1111111000000000000011
1111111000000000000011
00001100
11100001000000000000011
00011001101110000000000
00000
11001100
11010100000000000000011

1111111000000000000011
1111111000000000000011
00001100
11100001000000000000011
00011001101111110010001
10011001101111010000111
10011001101110100010010
10011001101110000000000
00010
01001100
11010100000000000000011

Biggles:
1111111000000000000011
1111111000000000000011
00001100
01110010000000000000011
00011000111010001110111
10000000000000000000000
00001
01001100
01110001000000000000011

Mooglebot (diff game)
1111111000000000000011
1111111000000000000011
00001100
10011010000000000000011
00110010100101100000100
00110010100100000000000
00010
10011001001101100000000
00000
11001100
10011001000000000000011*

1111111000000000000011
1111111000000000000011
00001100
10011010000000000000011
00110010101000111011011
00110010100111111000010
00110010100110100000101
00110010100101000000000
00100
10011001001101100000000
00000
11001100
10011001000000000000011*

1111111000000000000011
1111111000000000000011
00001100
10011010000000000000011
00001100
10011001000000000000011

Me (diff game from both)
1111111000000000000011
1111111000000000000011
00001100
01010110000000000000011
00001100
01010111000000000000011

1111111000000000000011
1111111000000000000011
00001100
01010110000000000000011
00011000101010100000000
00000
11001100
01010111000000000000011

1111111000000000000011
01110011111
00110000000
01010011011
11111110100
10111111111
00000000000
10010001100
01111100110
01011001101
00110100000
00010100101
10000000000
00000000010
01001100
01010110000000000000011
00011000101010100000000
00000110011000101011110
11010000011000101100010
10011
10001100
01010111000000000000111

1111111000000000000011
1111111000000000000011
00001100
00110100000000000000011
00011000011010100000000
00000
11001100
00110010000000000000011 Clunk: 134

1111111000000000000011
1111111000000000000011
00001011
11110111000000000000011
00101111111011000000000
00001
10001011
11110000000000000000011 Ted: 134

1111111000000000000011
1111111000000000000011
00001011
11110111000000000000011
00101111111010111001110
00101111111011011010000
00101111111010000100100
00101111111011000000000
00100100010111111000001
11011100010111110111000
10000
11001011
11110000000000000000111 Ted: 249

1111111000000110000011
1111111000000110000011
00001011
11111111000000110000011
00001011
11111100000000110000011 Lonestar: 106

1111111000000000000011
1111111000000000000011
00001011
11111111000000000000011
00101111111101000000000
00001
10010111111111000000000
00000
11001011
11111100000000000000011 Lonestar: 162*

1111111000000000000011
1111111000000000000011
00001100
00101010000000000000011
00110000100111000000000
00001
10011000010101100000000
00000
11001100
00100110000000000000011 Sentry X-58: 162*

1111111000000000000011
1111111000000000000011
000000 Melee Creep: 50

1100100000
1111111000000000000011
1111111000000000000011
000000 Ribbit IV Creep: 60

1010100000
1111111000000000000011
1111111000000000000011
000000 Solarboss: 60

1111111000000000000011
1111111000010101111100
0000000000000101000000
0000000101010000010100
00000000001
01001011
11001001000000000000011
00010111100001000000000
00000
11001011
11001010000000000000011 Penny Fox: 189

1111111000000000000011
1100011111100111000000
0011011110111111101101
1101111111100000000000
1001000010100111100111
0101100101101111000000
0000110111010000000000
00000000010
01001011
11001001000000000000011
00010111011111001101111
00010111100001000000000
00001
01001011
11001010000000000000011 Penny Fox: 278

1111111000000000000011
1111111000000000000011
00001011
11001001000000000000011
00001011
11001010000000000000011 Penny Fox: 106

1111111000000000000011
1111111000000000000011
00001100
01010010000000000000011
00110001010001101011000
00000000000000000000000
00010100110001001011100
11010
10000000000000000000000
00001
01001100
01010011000000000000011 Penny Fox: 208*

01111101111001110000000101000001111111110100000011111110000000000010011111111010101100111111101010101001001100000000000001110010111011110011101011001101000001000000001010000000000000000000000000100100000000010101100001011010000000000001
01001100
01010010000000000000011
00110001001110101100001
00110001001101101000001
00110001010001011100001
00110001010000000000000
00100
10011000100100010110000
10011000100011110100000
10011000100101101110000
10011000100101000000000
00010
01001100
01010011000000000000011 Penny Fox: 492*

1111111000000000000011
1111111000000000000011
00001100
01010010000000000000011
00001100
01010011000000000000011 Penny Fox: 106

11111110010110001011110000000000000101111111101101011111111110110101010010000000000000000111000000000010110000001011100000000000010100000000011010111001110000000000000001
01001100
01010010000000000000011
00110001001111100010010
00110001001110011111101
00110001001101000000000
00011100110001001001100
01001
00011000100100001111110
10011000100011100000000
00001
11001100
01010011000000000000011 Penny Fox: 380*

1111111000000000000011
1111010111100111000000
0010100001111111101001
1111111111100000000000
1001000000100111100111
0101100101010000100000
0000100111110000000000
00000000010
01001100
01010010000000000000011
00110001001111011000100
00110001001110010101010
00110001001101010100001
00110001010001000000000
00100
10011000100100101100010
00011000100100001010101
00011000100011101010000
10011000100101100000000
00010
01001100
01010011000000000000011 Penny Fox: 421*

1111111000000000000011
1111111011011000010111
1000000000000101000000
0000110110000011100100
00000000001
01001100
01010010000000000000011
00011000100101100100110
10011000100101000011001
00011000100100100001011
10011000100100000000000
00010
01001100
01010011000000000000011 Penny Fox: 258

1111111000000000000011
1000101111100111000000
0100101110111111110010
1100111111101100111101
1001000000000000101100
0101001111100111010110
0110010111000000000100
1011000000000001100111
1001101100000000000010
11001100
01010010000000000000011
00011000100011110010111
00011000100101110000000
00011000100101001011011
10011000100100101001101
10011000100100000111111
10011000100011100000000
00011
01001100
01010011000000000000011 Penny Fox: 403

1111111000000000000011
1001111111100111000000
0100010011111111110001
0001111111100000000000
1001000100001111100111
0101100110001001100000
0001000100010000000000
00000000010
01001100
01010010000000000000011
00011000100101011001110
10011000100100110101111
10011000100100010100001
10011000100011110001001
10011000100101100000000
00010
11001100
01010011000000000000011 Penny Fox: 347