
1111111000000000000011111111100000000000001100001100100110100000000000000110000110010011001000000000000011 Mooglebot: 106
1111111000000000000011111111100000000000001100001100110000100000000000000110000110011000000000000000000011 Mooglebot: 106
1111111000000000000011111111100000000000001100001100010100100000000000000110000110001010011000000000000011 Conair Mor: 106
1111111000000000000011111111100000000000001100001100010100100000000000000110000110001010011000000000000011 Conair Mor: 106
1111111000000000000011111111100000000000001100001100101111110000000000000110000110010111100000000000000011 dud88_dud: 106
1111111000000000000011111111100000000000001100001100101111110000000000000110000110010111100000000000000011 dud88_dud: 106
1111111000000000000011111111100000000000001100001100111000010000000000000110000110011010100000000000000011 dud88_dud: 106
1111111000000000000011111111100000000000001100001100010111010000000000000110000110001011010000000000000011 Biggels: 106
1111111000000000000011111111100000000000001100001100010111010000000000000110000110001011010000000000000011 Biggels: 106

22 22 11* 8 23 (5 23+)? (5 23+)? 8 23

Read 23, 4, 4. 
If last 4 != 0000
  Loop
    Read 23.
    If last 9 == ID Break
    Otherwise, loop on some condition to read 23
    Read 5
Else
  Read 23.
Read 8.
If last 4 != 0000
  Loop
    Read 11.
    If last 11 == 11111110000 Break
Else
  Read 44
  

Me (Replay_2014_07_05_19_33_21\Replay_30.0044_40.0086.blockData)

11100001
11010100

1111111000000000000011
1111111000000000000011
00001100
11100001000000000000011
00001100
11010100000000000000011

1111111000000000000011
1101110111100110000000
00101010101
11111101010
10011111111
00111001110
10111000000
00000101100
00011011111
00110010111
11010101010
00000000010
10100100000
00000111001
10001111000
00000000010
11001100
11100001000000000000011
00011
00110111001001101000011
00110111100111000100011
00110111010000000000001
11001100
11010100000000000000011

1111111000000000000011
1010111111100111000000
00111011011
11111101110
10111111111
00000000000
10010000111
10111100111
01011111011
10110100000
00001110101
10000000000
00000000010
01001100
11100001000000000000011
00011
00110111011001101000011
00110111000000000000001
01001100
11010100000000000000011

1111111000000000000011
1111111000110001110111
00000000000
00101000000
00000011000
10000110100
00000000001
01001100
11100001000000000000011
00011
00110111000000000000000
11001100
11010100000000000000011

1111111000000000000011
0100011111100111000000
01100000101
11111111000
00011111111
00000000000
10010010001
01111100111
01100000110
00001000000
00011000000
10000000000
00000000010
01001100
11100001000000000000011
00011
00110111011010101100011
00110111000111101010011
00110111010000000000001
11001100
11010100000000000000011

1111111000000000000011
1111111000000000000011
00001100
11100001000000000000011
00011
00110111000000000000000
11001100
11010100000000000000011

1111111000000000000011
1111111000000000000011
00001100
11100001000000000000011
00011
00110111111001000110011
00110111101000011110011
00110111010001001010011
00110111000000000000010
01001100
11010100000000000000011

Biggles:
1111111000000000000011
1111111000000000000011
00001100
01110010000000000000011
00011
00011101000111011110000
00000000000000000000001
01001100
01110001000000000000011

Mooglebot (diff game)
1111111000000000000011
1111111000000000000011
00001100
10011010000000000000011
00110
01010010110000010000110
01010010000000000000010
10011
00100110110000000000000
11001100
10011001000000000000011

1111111000000000000011
1111111000000000000011
00001100
10011010000000000000011
00110
01010100011101101100110
01010011111100001000110
01010011010000010100110
01010010100000000000100
10011
00100110110000000000000
11001100
10011001000000000000011

1111111000000000000011
1111111000000000000011
00001100
10011010000000000000011
00001100
10011001000000000000011

Me (diff game from both)
1111111000000000000011
1111111000000000000011
00001100
01010110000000000000011
00001100
01010111000000000000011

1111111000000000000011
1111111000000000000011
00001100
01010110000000000000011
00011
00010101010000000000000
11001100
01010111000000000000011

1111111000000000000011
01110011111
00110000000
01010011011
11111110100
10111111111
00000000000
10010001100
01111100110
01011001101
00110100000
00010100101
10000000000
00000000010
01001100
01010110000000000000011
00011
00010101010000000000000
11001100010101111011010
00001100010110001010011
10001100
01010111000000000000111

1111111000000000000011
1111111000000000000011
00001100
00110100000000000000011
00011
00001101010000000000000
11001100
00110010000000000000011 Clunk: 134

1111111000000000000011
1111111000000000000011
00001011
11110111000000000000011
00101
11111101100000000000001
10001011
11110000000000000000011 Ted: 134



1111111000000110000011
1111111000000110000011
00001011
11111111000000110000011
00001011
11111100000000110000011 Lonestar: 106

1111111000000000000011
1111111000000000000011
00001011
11111111000000000000011
00101
11111110100000000000001
10010
11111111100000000000000
11001011
11111100000000000000011 Lonestar: 162

1111111000000000000011
1111111000000000000011
00001100
00101010000000000000011
00110
00010011100000000000001
10011
00001010110000000000000
11001100
00100110000000000000011 Sentry X-58: 162

1111111000000000000011
1111111000000000000011
000000 Melee Creep: 50

110010000011111110000000000000111111111000000000000011000000 Ribbit IV Creep: 60
101010000011111110000000000000111111111000000000000011000000 Solarboss: 60

1111111000000000000011
1111111000010101111100
0000000000000101000000
0000000101010000010100
00000000001
01001011
11001001000000000000011
00010
11110000100000000000000
11001011
11001010000000000000011 Penny Fox: 189

1111111000000000000011
1100011111100111000000
0011011110111111101101
1101111111100000000000
1001000010100111100111
0101100101101111000000
0000110111010000000000
00000000010
01001011
11001001000000000000011
00010
11101111100110111100010
11110000100000000000001
01001011
11001010000000000000011 Penny Fox: 278

1111111000000000000011
1111111000000000000011
00001011
11001001000000000000011
00001011
11001010000000000000011 Penny Fox: 106
