00000000100000000000110000011000011000000000000011
11000000110000000000110000010001100000000000000011
01000000100000000001010000100001110000000000000011
00000100001111010110010000000000000000000000000101
00001000100110000010110000010001100000000000000101
10000000100000000000110000010001100000000000000011
11000001000000000000110000100010011000000000000011


110000000000000000000000011100000000100000000000110000100010011000001011000001000110
000010010011010000010000110000000010000000000000110001111001010101000001000110001011
010000110000000100000000010100000111010111010010000000000000101101000011000000000000

111010100100000001101011010111001110000110101100001101100000011010101100100100100001101010010001110010000110100111000101001000011010010100001100000001101001000000000000010101010000100111000100000100000000100100110100000100001100000000100000000000001100011110010101010000010001100010110000000000000101

000000000
000010
1


000000000
000010
1


Bought Pills
010000110000000100000000010100000111010111010010000
000000
000101
101000011
000000000000
000000000
000011
1

Bought Boots
000011100000000100000000010100000011111011000100110
000000
000101
100001110
000000000000
0000000000000111

Bought Bank
001001100000000100000000010100000100011001001010110
000000
000101
100100110
000000000000
0000000000000111

Bought Pills 1 and 2
001110010000000100000000010100000101010101001111010
000000
100011
100111001
000000000000
0000000000000111